100
100
100
100
99
99
99
99
99
99
99
99
98
98
97
96
96
96
96
94
93
90
89
88
85
83
82
78
78
75
75
74
73
73
73
71
69
69
68
67
67
67
67
64
64
64
63
62
59
59
59
57
56
54
52
50
50
50
48
47
72
72
115
114
112
112
108
107
106
104
101
100
97
95
93
92
90
87
83
81
106
128
202
323
395
394
394
392
390
390
390
390
389
388
388
388
387
387
386
386
385
384
383
381
380
380
379
379
378
378
377
376
374
374
374
373
371
371
371
371
370
369
369
369
369
369
369
368
367
367
367
366
365
365
365
364
364
363
363
363
363
362
362
361
361
361
360
360
359
359
359
358
358
358
357
357
357
357
356
355
355
353
353
353
353
353
353
352
352
